16
75.0
-1.0
140.0
-1.0
-1.0
-1.0
-1.0
-1.0
-1.0
-1.0
-1.0
-1.0
-1.0
-1.0
-1.0
71.0
-1.0
-1.0
-1.0
-1.0
-1.0
-1.0
-1.0
-1.0
-1.0
-1.0
-1.0
-1.0
-1.0
151.0
-1.0
-1.0
-1.0
-1.0
-1.0
-1.0
-1.0
-1.0
-1.0
-1.0
-1.0
-1.0
80.0
99.0
-1.0
-1.0
-1.0
-1.0
-1.0
-1.0
-1.0
-1.0
-1.0
-1.0
-1.0
146.0
97.0
-1.0
-1.0
-1.0
-1.0
-1.0
-1.0
-1.0
-1.0
-1.0
-1.0
211.0
-1.0
-1.0
-1.0
-1.0
-1.0
-1.0
-1.0
138.0
-1.0
-1.0
-1.0
-1.0
-1.0
-1.0
-1.0
-1.0
101.0
-1.0
-1.0
-1.0
-1.0
-1.0
-1.0
-1.0
90.0
-1.0
-1.0
-1.0
-1.0
-1.0
-1.0
-1.0
-1.0
85.0
-1.0
-1.0
-1.0
98.0
-1.0
142.0
-1.0
-1.0
86.0
-1.0
-1.0
-1.0
-1.0
-1.0
-1.0
92.0
-1.0
87.0